sex <- c(1,1,1,1,1,1,1)
farm <- c('AL','AL','AL','AL','AL','AL','AL')
month <- c(10,10,10,10,10,10,10)
year <- c(00,00,00,00,00,00,00)
clas1_4 <- c(4,4,3,4,4,4,4)
lct <- c(191,180,192,196,204,190,196)
kfi <- c(20.45,16.4,15.9,17.3,"NA",16.3,22.2)
ecervi <- c(0,0,2.38,0,0,0,1.21)
tb <- c(0,0,0,0,"NA",0,"NA")

df = data.frame(sex,farm,month,year,clas1_4,lct,kfi,ecervi,tb)
df

list = list(sex,farm,month,year,clas1_4,lct,kfi,ecervi,tb)
list